29387
78648
69192
22652
17010
22199
59461
32683
66188
24543
23259
16183
5881
9056
88738
48415
15303
34871
30310
60707
4236
33794
66260
49063
75102
40012
98532
55415
56562
4934
59075
45158
73071
91798
75612
17039
76718
19273
7075
88252
60401
35972
83518
452
86173
33400
49488
19566
70421
62772
23298
25716
29940
36212
29360
59748
42343
61271
21614
37696
2245
97743
6997
73733
27307
11090
86383
25032
69624
61741
95322
50716
30914
87799
63676
14481
18484
77123
69155
59286
61253
86000
10999
15551
45589
82075
55007
45505
77286
59028
25837
49850
49269
18222
59239
72270
88755
50479
43827
12365
68005
7
42910
25296
20404
70846
15401
93185
35346
90438
18896
41434
2058
23120
58680
80070
78146
18650
38485
61349
56112
69510
81173
30731
17398
32997
5325
89671
66203
3474
97949
65856
81416
70268
58466
44091
52891
30011
23097
29242
53227
34724
43467
68319
50330
14199
33465
81167
26992
39382
68869
41713
34393
78000
890
19029
53405
60059
29178
55089
41591
73055
4034
74695
98805
16591
84251
88675
29260
3763
22144
76351
25780
60513
68487
87945
1255
96971
67246
66973
1874
62801
89604
17612
64693
42423
80721
43614
7165
23185
92642
82003
71419
15066
91669
34917
34177
33189
28861
51721
78808
96202
54515
63989
69121
88290
37497
51163
44422
16430
5324
40179
73692
20785
64261
7255
73816
96511
53868
41544
46923
80109
5243
64847
79803
82183
70282
82429
41535
66816
47099
30451
88534
36100
80324
74270
58821
54058
57109
5274
62955
73221
49893
76759
47235
81626
94974
64121
90582
32875
99905
16665
19066
86354
22007
1257
73675
12169
71509
32885
37155
59494
88715
59109
90329
81093
63241
44767
84468
10557
90190
41993
49611
5460
40207
55148
26618
27726
13345
47540
67842
34849
34915
3859
36382
71172
74698
55942
98686
4134
79018
68336
89250
16762
94302
22306
25909
47216
91701
18972
75939
60543
55257
32813
92344
58399
29469
33941
53622
51763
93218
63308
67602
82563
73766
92124
74348
78087
65706
82857
88330
86240
93278
94257
13072
14369
80203
76591
477
96170
59516
73657
18053
92885
73898
53321
62374
22121
45571
9240
75210
9356
15798
67078
44153
95222
22686
89783
12247
1184
64521
21719
64449
6011
2019
28894
69887
34269
1380
67343
34247
47927
31346
57402
42606
70850
58996
58433
8203
73431
66805
4152
29226
39261
74865
83046
73962
47613
43967
24616
35156
73426
30395
71060
51096
12093
1999
95674
69510
37173
52349
4839
84453
5786
83916
24259
52179
70378
83692
50363
97402
85773
16007
50521
44811
23723
34343
36367
63450
71870
52862
42738
26038
45058
4885
35619
90723
56712
10101
98889
43990
62506
15276
68346
30636
17465
15740
29529
74151
37842
23846
28312
68135
41455
65902
73887
62881
49049
25963
84517
23646
82523
82829
24155
40722
52402
65163
97448
4534
42433
74793
18799
59461
85057
60578
3981
66896
52406
83544
69726
15679
66972
64885
47263
91973
48384
15708
3374
18494
22699
82929
78733
53544
37753
35810
78822
52859
7560
45329
81480
22469
38668
76927
69872
44422
62559
12950
99651
53638
64182
23539
1015
77806
7855
51342
44018
64682
8165
29895
99274
26936
92486
28143
26283
75885
91228
35440
43031
65413
9320
20378
93863
8292
40589
32779
67760
29134
92776
69882
19169
29120
1821
97505
1833
56073
96972
78756
21397
42888
19523
11714
56503
49923
87693
2199
79042
63393
96488
94219
23602
10373
15220
7227
20168
3367
83335
68194
6579
48624
43294
67
82634
96850
57166
91030
99510
51203
21209
99341
97805
39540
20507
8065
43993
30930
78660
93118
59383
17431
18272
20103
76986
80398
94578
28392
63664
83778
65919
44023
8445
87617
56231
14437
22339
70898
42926
56678
86371
80752
50072
53659
51421
50786
62260
30904
50772
77945
90991
40439
45069
71717
10857
4345
66997
81396
30085
92724
10754
66952
10297
54557
72626
76500
13062
96947
83056
82579
75937
72838
5493
19077
69168
44994
44234
72454
7088
28220
86220
48045
23763
39159
24169
30206
25351
95923
59334
86220
98481
38804
36483
33519
82969
93610
25878
94621
52351
26242
14196
59529
56523
78312
22158
70965
67426
27159
91640
788
9045
53311
5253
46689
22355
70866
25326
15573
96574
42763
92849
72809
67099
79035
86262
47721
35395
58993
6989
39089
18679
26246
77427
2631
18480
11906
64980
6292
38164
398
60938
71840
15044
34583
49315
45193
67859
83771
36289
15392
7954
35892
89498
32640
36774
6398
97664
44012
37754
59239
38043
4675
46224
18322
91442
98851
42451
91271
38249
13879
54025
88027
49989
48638
17668
76343
99722
29274
8535
47112
95909
91729
90726
53090
41029
96324
82390
18257
33028
95850
84355
42366
24228
92744
55313
91675
26773
50159
25466
94859
69363
30834
88453
51985
94764
52674
14040
94707
65054
33064
7844
92810
92639
70206
30079
21833
32470
43978
58031
19176
84839
63256
74146
8652
13325
98579
36443
38836
72351
54720
11975
86915
94773
74743
43757
92901
87875
90335
78019
49919
58884
71493
48989
11384
1906
76121
56545
83614
27890
36517
65174
91734
24621
46474
11931
12740
14552
96921
29044
42098
33877
20522
30110
60033
11826
53245
58404
52586
13423
54475
58602
62832
80734
72615
23335
35108
80931
51927
97167
8371
7419
62537
87374
11760
8248
45428
53873
33402
58858
18476
71359
28809
73114
98561
56741
71707
89264
72661
55502
51989
39988
8344
91633
15224
23857
75586
42628
10018
86070
67052
91791
28542
35734
89771
18811
49801
59375
10826
55466
67234
20455
93827
10464
6541
75219
48473
56926
80195
9010
78741
19567
33466
62645
10075
68540
12269
31522
32361
18746
87880
62062
31084
52771
41458
12615
99422
10274
82422
40084
35648
63784
53520
12500
6543
85307
52657
75235
23718
82990
8975
32027
9041
65420
18380
72311
1289
38510
48962
14707
2096
99948
25224
90287
30123
75344
25699
73202
57783
43590
40683
52491
52745
12207
92216
78611
75334
37173
67402
16399
20028
97049
61458
97361
30235
19016
5505
6813
54484
14860
22346
36553
20332
56415
49526
5150
80956
24122
66053
37628
54377
56203
17500
25689
74715
26725
9455
73002
16476
56689
30443
27354
81775
38691
78752
43351
68842
21223
82858
43756
68209
82138
27580
41865
93584
26069
99752
40543
97717
84708
5004
73863
77384
59606
44892
33634
21640
34700
48871
3739
51620
76500
20937
85897
